outputPath: v600TrainMaxentFullFeatureSetOutput.txt
candidatesPath: train600cands
  ==> Training (100 iterations)

      Iteration    Log Likelihood    Accuracy
      ---------------------------------------
             1          -0.69315        0.404
             2          -0.59967        0.751
             3          -0.53524        0.746
             4          -0.49318        0.755
             5          -0.46566        0.757
             6          -0.44704        0.762
             7          -0.43380        0.764
             8          -0.42387        0.766
             9          -0.41601        0.770
            10          -0.40952        0.771
            11          -0.40395        0.772
            12          -0.39904        0.771
            13          -0.39463        0.772
            14          -0.39060        0.776
            15          -0.38687        0.777
            16          -0.38340        0.779
            17          -0.38014        0.779
            18          -0.37708        0.780
            19          -0.37417        0.784
            20          -0.37142        0.785
            21          -0.36880        0.786
            22          -0.36630        0.787
            23          -0.36391        0.788
            24          -0.36162        0.791
            25          -0.35943        0.793
            26          -0.35733        0.793
            27          -0.35531        0.794
            28          -0.35337        0.795
            29          -0.35150        0.797
            30          -0.34969        0.803
            31          -0.34796        0.804
            32          -0.34628        0.804
            33          -0.34466        0.805
            34          -0.34309        0.806
            35          -0.34157        0.808
            36          -0.34011        0.812
            37          -0.33869        0.814
            38          -0.33731        0.815
            39          -0.33597        0.815
            40          -0.33468        0.815
            41          -0.33342        0.815
            42          -0.33220        0.818
            43          -0.33101        0.819
            44          -0.32985        0.819
            45          -0.32873        0.820
            46          -0.32764        0.820
            47          -0.32658        0.820
            48          -0.32554        0.820
            49          -0.32453        0.823
            50          -0.32355        0.823
            51          -0.32259        0.824
            52          -0.32166        0.824
            53          -0.32074        0.825
            54          -0.31985        0.825
            55          -0.31898        0.825
            56          -0.31813        0.825
            57          -0.31731        0.829
            58          -0.31649        0.829
            59          -0.31570        0.830
            60          -0.31493        0.830
            61          -0.31417        0.831
            62          -0.31343        0.830
            63          -0.31270        0.831
            64          -0.31199        0.831
            65          -0.31130        0.831
            66          -0.31062        0.835
            67          -0.30995        0.835
            68          -0.30929        0.835
            69          -0.30865        0.835
            70          -0.30802        0.836
            71          -0.30741        0.836
            72          -0.30680        0.836
            73          -0.30621        0.836
            74          -0.30563        0.837
            75          -0.30506        0.837
            76          -0.30450        0.840
            77          -0.30395        0.840
            78          -0.30341        0.840
            79          -0.30287        0.840
            80          -0.30235        0.840
            81          -0.30184        0.841
            82          -0.30134        0.841
            83          -0.30084        0.840
            84          -0.30035        0.841
            85          -0.29988        0.841
            86          -0.29940        0.841
            87          -0.29894        0.844
            88          -0.29848        0.844
            89          -0.29804        0.844
            90          -0.29759        0.845
            91          -0.29716        0.845
            92          -0.29673        0.845
            93          -0.29631        0.845
            94          -0.29590        0.845
            95          -0.29549        0.846
            96          -0.29508        0.846
            97          -0.29469        0.846
            98          -0.29430        0.845
            99          -0.29391        0.845
         Final          -0.29353        0.845
  -9.883 stopword_start==<type 'int'> and label is 'yes'
  -1.556 stopword_end==<type 'int'> and label is 'yes'
  -1.478 spread==<type 'float'> and label is 'no'
  -1.215 first_occur==<type 'float'> and label is 'yes'
  -0.838 tfidf==<type 'float'> and label is 'no'
   0.827 spread==<type 'float'> and label is 'yes'
   0.666 stopword_end==<type 'int'> and label is 'no'
   0.622 first_occur==<type 'float'> and label is 'no'
  -0.605 label is 'yes'
   0.557 label is 'no'
  -0.510 last_occur==<type 'float'> and label is 'no'
   0.421 last_occur==<type 'float'> and label is 'yes'
   0.390 tfidf==<type 'float'> and label is 'yes'
   0.205 stopword_start==<type 'int'> and label is 'no'
  -0.042 length==<type 'int'> and label is 'no'
   0.035 length==<type 'int'> and label is 'yes'
